22 0 0 1 1 0 0 0 0 0 1 0 0 2 2 0 0 3 1 0 0 0 3 0 2 0 1 0 0 0 1 0 0 3 0 0 0 0 1 0 1 2 1 1 1 0 1 1 0 3 0 0 1 0 2 1 0 0 0 0 1 0 0 0 0 2 0 1 0 2 5 1 1 1 1 3 2 0 2 2 2 5 0 2 0 0 1 3 3 4 2 3 0 0 2 1 3 0 1 1 6 0 0 2 1 4 2 0 1
0 21 0 0 0 1 0 0 0 1 0 0 1 0 0 0 0 1 1 0 0 0 1 0 0 0 1 0 0 0 1 0 0 0 0 1 0 0 0 1 1 0 1 0 2 0 0 0 1 0 0 0 0 1 0 0 0 0 0 1 1 2 1 0 1 0 1 0 0 0 0 0 0 0 0 0 1 0 0 0 0 0 1 0 0 0 0 0 0 0 0 1 0 0 0 1 0 0 0 0 0 0 1 0 0 1 0 0 0
0 0 27 1 1 2 0 1 0 3 0 1 0 0 1 0 0 3 5 1 1 0 5 1 0 0 1 1 0 0 1 0 5 1 1 0 0 0 0 0 1 1 0 6 0 2 1 0 2 1 0 1 0 3 0 1 1 3 0 1 5 4 1 0 3 0 0 0 1 0 1 0 1 0 0 5 0 2 0 0 1 1 1 1 0 0 0 1 2 1 0 2 1 0 0 0 0 2 0 0 1 2 0 1 0 0 0 0 1
0 0 1 12 1 4 1 1 0 0 1 0 0 2 0 0 0 0 1 2 0 1 2 2 2 0 2 1 0 0 1 0 0 2 1 3 0 4 0 0 2 1 1 0 0 2 0 0 0 2 1 0 1 1 2 0 0 2 1 2 0 0 1 4 2 0 1 0 0 1 0 0 2 0 0 1 2 0 2 2 2 1 2 1 0 0 0 0 1 3 0 1 0 0 1 1 2 1 0 1 0 1 1 3 1 3 0 0 3
0 0 1 5 19 0 0 1 0 0 1 0 1 1 1 0 0 0 3 1 0 1 1 2 1 0 1 1 2 0 4 0 0 1 0 1 1 1 0 1 4 2 2 2 2 0 1 1 0 2 2 0 1 1 2 0 0 1 1 3 1 0 1 0 0 0 1 1 0 1 0 1 0 0 2 0 4 0 2 1 0 3 2 0 1 0 0 0 1 1 0 2 0 1 1 0 1 1 0 1 3 1 0 2 0 2 0 0 1
1 0 1 4 3 22 5 3 0 2 0 1 5 8 0 0 0 2 7 0 1 0 5 0 3 0 5 0 2 0 3 0 0 3 2 3 0 1 6 2 1 8 3 2 4 2 2 2 1 5 1 0 5 4 4 0 2 1 0 4 2 3 1 3 8 0 1 3 2 3 2 2 9 4 0 2 6 0 4 1 2 6 3 1 2 0 2 7 5 3 1 6 3 1 3 2 2 3 3 2 7 6 1 5 0 6 3 0 2
0 0 1 1 0 5 22 5 0 0 0 1 3 0 1 0 0 1 0 0 0 2 2 1 4 0 0 0 0 2 0 0 0 3 0 1 0 1 4 1 0 5 0 2 0 1 3 1 0 0 2 0 3 2 0 1 0 0 0 2 1 2 1 1 5 0 0 1 1 3 1 0 6 3 0 1 5 1 3 0 0 1 3 1 1 0 1 3 0 1 0 1 0 0 3 1 2 3 2 1 5 2 1 1 0 2 0 0 0
0 0 0 0 1 0 2 16 1 0 2 1 1 1 1 0 0 0 1 0 0 0 0 0 2 0 0 0 1 0 1 0 1 2 0 0 0 1 0 1 0 0 0 2 0 0 1 0 0 0 0 2 2 1 1 0 0 1 0 1 3 0 0 0 1 0 0 0 0 0 0 0 1 3 1 0 2 0 0 1 0 0 1 1 0 0 0 1 1 1 0 0 0 0 0 0 0 0 0 1 1 0 1 1 0 0 1 0 0
0 0 0 0 0 0 0 0 30 0 1 0 0 0 2 0 0 0 0 0 0 1 1 0 0 0 0 0 0 0 0 0 0 0 0 0 0 0 0 0 0 2 0 0 0 0 0 0 0 0 0 0 0 1 0 0 0 0 0 0 0 0 0 1 1 0 0 1 0 0 0 0 0 0 0 0 0 0 0 0 0 0 0 0 0 1 0 1 0 0 0 0 0 0 0 0 1 0 0 0 0 0 0 1 0 1 0 0 0
0 0 1 0 0 1 0 2 0 32 0 0 4 5 1 0 0 0 2 0 2 2 3 0 3 0 3 3 2 0 1 0 2 1 0 2 2 0 2 7 0 2 3 0 4 0 1 0 3 4 0 0 1 0 2 1 0 0 0 0 0 1 0 1 3 0 0 0 1 2 0 3 1 4 0 0 3 1 1 0 0 2 1 1 0 0 0 1 2 1 0 2 1 0 2 0 1 0 0 2 4 2 0 0 0 1 1 0 1
0 0 1 2 0 0 2 4 0 0 21 1 1 1 1 0 0 0 3 0 0 0 2 1 1 0 3 1 0 0 2 0 2 4 0 1 0 3 0 2 0 0 1 1 1 2 0 0 0 1 0 0 6 0 2 0 1 1 0 0 0 0 1 0 0 0 0 0 0 0 0 0 2 2 1 2 1 1 1 2 2 1 3 0 0 0 0 3 1 2 0 2 1 0 0 1 0 1 0 2 2 2 0 2 0 0 1 0 1
0 0 1 0 0 1 0 0 0 0 1 33 1 0 0 0 0 0 0 2 0 1 1 0 0 0 0 1 0 0 0 0 0 0 1 1 0 0 0 1 0 2 0 0 0 2 0 0 0 0 0 2 0 0 0 1 0 0 1 3 1 0 0 0 0 0 0 0 0 0 0 1 0 0 0 1 0 0 0 0 0 1 1 1 0 0 0 1 1 1 0 2 2 0 0 0 0 1 0 0 1 1 1 0 0 0 0 0 0
0 1 0 0 0 4 3 2 0 0 0 1 23 1 0 0 0 1 2 0 2 0 2 0 2 0 0 0 1 0 0 0 1 2 0 1 0 0 4 2 1 5 0 2 0 1 2 2 0 1 0 0 3 2 0 1 1 2 1 3 2 2 0 0 3 0 1 1 0 2 0 0 2 3 1 2 4 0 2 0 0 2 1 2 0 0 1 2 1 1 0 1 1 1 2 1 0 0 1 0 4 0 0 1 0 0 1 0 0
0 1 0 3 2 5 0 5 1 2 2 0 4 27 2 0 0 0 8 2 1 0 3 1 4 0 3 0 0 2 4 0 5 1 1 3 0 3 6 1 2 2 1 3 1 3 5 1 0 3 2 3 6 3 3 0 2 1 1 4 2 2 0 3 5 0 0 1 2 5 2 1 5 7 2 5 8 0 2 0 2 4 3 1 1 1 1 3 5 4 1 4 3 2 3 3 2 1 0 1 4 3 1 2 2 3 1 0 0
0 0 1 0 1 0 0 1 0 0 1 0 0 0 11 0 0 0 0 1 0 0 1 0 0 0 0 1 0 1 1 0 0 1 0 0 0 1 0 1 2 0 0 1 1 1 0 0 0 0 0 0 0 0 0 0 0 0 2 0 1 0 1 1 1 0 0 1 0 0 0 0 0 0 0 0 1 0 0 0 0 1 2 0 0 0 0 0 2 2 0 0 0 1 0 0 1 0 0 0 0 1 0 1 0 1 0 0 1
0 0 0 0 0 0 0 0 0 0 0 0 0 0 0 11 0 0 0 0 0 0 0 0 0 0 0 0 0 0 0 0 0 0 0 0 0 0 0 0 0 0 0 0 0 0 0 0 0 0 0 0 0 0 0 0 0 0 0 0 0 0 0 0 0 1 0 0 0 0 0 0 0 0 0 0 0 0 0 0 0 0 0 0 0 0 0 0 0 0 0 0 0 0 0 0 0 0 0 0 0 0 0 0 0 0 0 1 0
0 0 0 0 0 0 0 0 0 0 0 0 1 0 0 0 42 0 0 0 0 0 0 0 0 0 0 1 2 0 0 0 0 0 0 0 0 0 0 2 0 2 0 0 0 0 0 0 1 1 0 0 0 1 2 0 0 0 0 0 1 0 0 0 0 0 0 0 0 0 0 0 1 0 0 0 0 0 0 0 0 1 0 0 0 0 0 0 0 0 0 1 0 0 0 0 0 0 0 0 1 0 0 0 0 0 0 0 0
0 0 1 0 0 3 1 0 0 0 0 0 2 0 0 0 0 29 0 0 1 0 1 1 0 0 2 0 1 0 0 0 0 1 0 1 0 1 2 2 0 3 0 2 0 3 0 1 0 1 0 1 1 3 1 1 0 1 0 0 0 3 0 1 0 0 0 1 0 0 0 1 0 0 0 1 1 1 0 0 1 1 0 1 0 0 0 3 0 1 0 1 0 1 1 0 0 2 0 0 1 1 0 0 0 0 1 0 1
0 1 4 2 2 4 0 3 0 0 3 1 0 6 2 0 0 1 22 1 1 0 3 1 3 0 5 0 1 0 3 0 3 2 1 4 0 5 5 2 4 1 2 4 1 2 7 1 0 2 0 3 6 5 2 0 2 5 4 4 3 2 0 0 2 0 0 1 0 4 0 1 2 2 0 3 5 0 4 0 1 3 4 1 2 0 1 4 2 2 0 2 4 1 1 0 1 0 0 1 4 3 1 3 1 1 1 0 2
0 1 0 1 1 0 0 0 0 0 0 0 0 1 1 0 0 0 1 13 0 1 0 0 0 0 0 0 0 0 0 0 0 1 0 0 0 1 1 0 1 1 0 1 0 0 0 0 0 0 0 0 1 1 0 0 1 1 2 1 2 0 1 1 0 0 0 1 0 0 0 0 0 1 0 0 2 0 0 0 0 1 0 0 0 0 0 1 0 0 0 0 0 0 0 0 0 0 0 0 0 0 0 0 0 0 0 0 1
0 1 2 0 0 2 0 0 0 2 0 0 4 2 0 0 0 2 3 0 27 0 2 0 0 0 4 0 3 0 1 0 0 0 0 1 0 1 1 5 0 4 3 2 4 0 0 1 2 3 0 0 1 2 3 1 0 0 1 1 0 1 0 1 1 1 0 0 0 3 0 2 0 0 0 0 0 1 2 0 0 3 0 0 0 0 1 0 2 0 2 4 2 0 0 0 1 0 0 2 4 3 0 0 0 0 0 0 0
0 0 0 1 1 0 1 0 1 2 0 0 0 0 1 0 0 0 0 0 0 16 0 0 2 0 0 2 1 1 0 0 0 0 0 2 0 1 0 0 0 1 1 0 1 0 1 0 0 4 0 0 0 1 0 0 0 0 0 0 0 0 2 2 1 0 0 1 0 1 0 0 0 0 0 0 1 0 0 2 1 0 2 0 1 0 0 2 0 0 0 1 0 0 0 0 1 0 0 1 0 0 1 1 0 0 0 0 0
2 1 2 3 1 6 2 0 1 2 2 1 0 2 0 0 0 2 1 0 0 1 22 2 1 0 5 0 0 0 2 0 1 0 0 2 0 1 3 1 0 1 2 3 1 4 0 1 1 3 0 1 5 3 1 1 0 1 1 2 0 4 4 6 4 0 2 3 1 2 2 0 4 0 1 5 4 4 3 1 4 3 3 1 1 0 1 6 5 5 0 5 4 1 0 4 7 6 5 0 4 7 2 4 1 2 3 0 4
0 0 0 3 2 0 0 1 0 0 2 0 0 1 0 0 0 0 1 0 0 0 1 15 2 0 2 1 0 1 3 0 0 0 1 0 0 3 1 0 0 2 1 2 0 1 1 0 0 1 0 0 2 1 2 0 0 2 0 1 2 1 0 0 1 0 1 0 1 0 0 0 1 1 2 0 1 0 0 0 0 1 0 0 0 1 0 0 0 2 0 1 1 0 0 3 1 0 1 1 1 1 0 1 0 1 0 0 2
0 0 0 1 1 0 1 0 0 0 0 0 0 0 1 0 0 1 0 0 0 0 0 2 21 0 1 2 0 0 0 0 0 1 1 0 0 3 1 0 2 0 1 2 0 0 0 0 0 3 0 0 0 1 0 1 0 0 1 0 2 1 1 1 0 0 1 0 0 1 0 0 2 1 0 0 1 0 0 1 0 2 0 0 0 0 0 1 0 0 0 0 0 0 1 1 0 0 0 0 0 0 0 1 0 0 0 0 0
0 0 0 0 0 0 0 0 0 1 0 0 0 0 0 0 0 0 0 1 0 0 0 0 0 34 0 0 0 0 0 0 0 0 0 0 0 0 0 0 0 0 0 0 0 0 0 0 0 0 0 0 0 0 1 0 0 0 0 0 1 0 0 0 1 0 0 0 0 0 0 0 0 0 0 0 0 0 0 0 0 0 0 0 0 0 0 0 0 0 0 1 0 0 0 0 0 0 0 0 0 0 0 0 0 0 0 0 0
0 1 1 1 2 2 0 0 0 1 2 0 1 3 0 0 0 0 4 0 1 0 3 0 1 0 18 1 0 0 2 0 0 0 0 3 0 2 0 1 1 0 3 2 3 2 1 0 0 2 0 1 4 1 3 2 1 2 0 0 0 2 0 1 1 0 0 1 0 1 1 1 1 0 0 1 4 0 2 0 1 2 1 0 0 0 1 1 0 2 0 1 2 0 1 2 2 1 0 2 1 1 0 1 0 3 0 0 1
0 0 1 1 3 0 0 0 0 4 1 1 1 2 3 0 1 0 6 2 0 2 0 0 2 0 1 27 4 0 0 0 1 3 0 2 1 3 0 3 0 2 0 2 4 2 2 0 1 4 0 4 2 2 4 0 1 2 0 0 2 0 1 0 1 0 3 0 0 1 0 2 0 0 0 1 0 0 1 1 2 3 2 0 0 0 0 1 0 1 0 3 0 0 0 0 1 1 0 1 2 2 0 1 0 0 0 0 0
1 0 1 2 1 0 0 2 0 0 0 0 4 0 0 0 1 0 3 0 0 1 0 0 1 0 1 1 17 0 1 0 2 1 0 0 0 3 2 1 1 1 2 1 1 0 1 0 1 1 0 1 3 0 1 0 1 3 1 0 1 0 0 0 0 2 0 0 0 2 0 0 2 2 1 0 3 0 1 0 0 1 3 1 0 0 0 1 1 2 0 1 1 0 0 0 0 0 0 0 1 1 0 0 0 0 0 0 0
0 0 0 0 0 0 0 0 0 0 0 0 0 0 2 0 0 0 0 0 0 0 0 1 0 0 0 0 0 10 0 0 0 0 0 0 0 0 0 0 1 1 0 0 0 1 0 1 0 0 1 0 1 0 0 0 0 0 0 0 0 0 1 3 1 0 1 0 0 0 0 0 0 0 3 1 1 0 1 0 0 1 0 0 0 0 0 0 0 2 0 0 1 0 0 0 1 0 0 1 0 1 0 0 0 0 0 1 1
1 1 1 1 4 3 2 7 0 1 2 1 4 5 1 0 0 0 4 2 2 0 3 1 1 0 3 0 1 0 28 0 3 4 0 1 1 1 3 3 2 1 5 2 1 2 5 1 2 1 0 2 8 0 1 3 1 3 3 3 0 0 1 1 3 0 0 3 0 6 0 0 5 9 2 1 4 0 1 1 3 1 1 1 0 0 0 4 3 4 0 0 1 1 1 1 2 0 1 0 5 0 1 5 0 2 2 0 1
0 0 0 0 0 0 0 0 0 0 0 0 0 0 0 0 0 0 0 0 0 0 0 0 0 0 0 0 0 0 0 6 0 0 0 0 0 0 0 0 0 0 0 0 0 0 0 0 0 0 0 0 0 0 0 0 0 0 0 0 0 0 0 0 0 0 0 0 0 0 0 0 0 0 0 0 0 0 0 0 0 0 0 0 0 0 0 0 0 0 0 0 0 0 0 0 0 0 0 0 0 0 0 0 0 0 0 0 0
2 1 0 1 0 2 2 0 0 1 1 2 0 2 0 0 0 0 1 1 0 0 2 0 1 0 0 0 0 0 1 0 23 1 0 2 0 0 4 1 0 2 0 0 0 2 2 0 0 0 0 0 0 2 0 0 0 1 0 2 5 2 0 0 0 0 0 1 2 0 1 0 0 2 0 6 2 0 0 0 2 3 0 5 1 0 0 2 2 3 2 1 0 0 1 2 0 0 1 0 3 2 1 0 1 0 1 2 0
1 1 1 1 0 1 3 6 0 0 1 0 2 2 1 0 0 0 2 0 0 0 0 0 5 0 0 1 1 0 2 0 3 22 0 2 0 2 5 3 1 2 0 2 0 0 3 0 0 0 0 0 5 4 0 0 0 0 0 2 2 2 0 0 4 0 0 2 0 4 2 1 5 6 3 2 5 0 6 1 1 1 2 2 1 0 0 4 2 1 0 2 0 1 3 0 1 1 1 1 6 0 0 1 0 3 3 0 0
0 0 0 1 1 1 2 0 0 0 0 1 0 1 1 0 0 0 1 1 0 0 1 1 1 0 1 0 0 1 0 0 0 0 30 4 1 1 1 0 0 0 2 0 0 0 2 1 1 0 2 0 0 1 0 2 0 0 1 3 0 2 0 1 1 0 0 0 0 1 1 0 0 0 0 1 1 0 1 0 0 0 0 0 0 2 0 1 0 0 0 0 1 0 0 0 0 1 0 0 0 0 0 0 0 1 1 0 0
0 3 0 2 1 2 1 0 0 1 0 1 1 3 4 0 0 1 2 0 0 1 3 1 0 0 3 0 0 0 1 0 1 3 1 33 0 1 1 1 1 1 4 3 2 1 4 1 0 2 1 1 2 6 0 0 2 1 1 4 5 2 0 1 1 0 1 0 0 3 1 1 0 0 0 6 3 1 3 1 0 1 1 0 1 0 0 2 1 0 0 1 0 1 0 5 0 1 0 4 0 1 2 0 1 2 2 0 3
0 0 0 1 1 1 0 0 0 0 0 1 0 0 0 0 0 0 1 0 0 0 0 0 2 0 1 1 0 0 0 0 1 0 1 0 31 0 1 1 0 2 1 1 2 0 2 0 2 1 1 1 0 2 1 1 1 2 0 2 3 0 0 1 0 0 0 0 1 1 0 2 2 1 0 1 2 0 0 0 0 1 0 0 0 0 1 4 1 1 1 1 0 1 2 0 0 0 0 1 1 0 1 0 0 0 0 0 1
0 0 1 5 1 1 1 1 0 1 1 0 0 1 2 0 0 1 6 1 1 1 2 4 4 0 1 1 1 0 3 0 0 4 1 1 0 21 1 1 3 1 1 2 0 1 2 1 1 2 0 1 1 2 1 0 1 3 0 2 1 1 0 1 2 0 0 1 0 2 1 0 1 1 0 1 2 0 0 0 0 1 2 1 0 0 0 0 0 1 0 0 0 0 0 2 2 1 0 0 1 2 0 1 1 3 0 1 1
0 0 0 0 0 4 0 1 0 0 0 1 2 2 0 0 0 3 1 0 0 0 3 0 1 0 0 0 0 0 1 0 2 0 1 0 0 1 16 0 0 2 0 3 0 2 1 0 0 2 0 1 3 3 2 0 1 0 0 3 2 4 0 0 2 0 0 0 3 0 0 0 3 1 0 2 4 0 0 0 1 1 1 1 0 0 1 2 1 2 1 1 1 1 1 2 0 0 0 0 4 1 1 1 0 1 0 0 0
0 1 1 0 1 0 1 1 0 3 1 3 1 0 0 0 0 0 3 0 2 2 1 0 1 0 1 1 3 0 0 0 2 1 0 2 0 3 1 26 0 1 1 3 3 1 0 1 1 2 0 0 0 3 2 0 0 0 0 0 4 0 0 0 1 0 0 0 0 0 0 0 0 0 0 1 3 0 0 1 1 0 2 0 0 0 0 1 0 1 0 2 0 0 0 0 1 0 0 0 0 1 0 0 0 1 0 0 0
0 1 1 4 2 1 1 2 0 0 3 1 1 3 2 0 0 0 3 1 0 1 1 1 2 0 2 1 1 1 1 0 0 1 0 0 0 4 0 0 18 2 0 1 1 1 2 1 1 1 0 2 4 2 2 0 1 2 1 4 2 1 2 2 1 0 1 0 0 1 0 0 0 0 0 0 2 0 0 2 1 1 4 0 1 0 0 2 0 3 0 0 1 0 0 1 1 0 0 1 2 1 0 1 0 2 0 0 2
0 0 1 1 2 5 3 0 0 0 0 0 3 1 0 0 0 0 1 0 1 1 3 3 0 0 0 1 1 0 1 0 0 1 0 1 0 0 2 1 0 15 0 1 1 1 0 1 0 2 0 0 0 2 1 0 0 1 0 2 0 0 1 0 3 0 0 0 1 0 0 0 1 0 1 1 1 0 0 0 1 0 1 1 0 0 1 1 0 2 0 2 0 1 0 1 1 1 1 0 2 1 1 2 0 1 0 0 1
0 1 1 1 1 1 0 0 0 2 1 0 1 2 0 0 0 3 5 0 0 0 2 2 1 0 3 0 2 0 3 0 0 2 1 2 1 1 2 2 0 2 18 4 3 0 0 2 0 1 0 0 1 2 2 1 1 0 0 1 1 1 1 0 0 0 0 0 0 1 0 0 1 0 0 1 1 0 1 0 1 2 0 0 0 0 0 0 0 2 0 1 0 0 1 2 1 0 0 1 1 1 0 1 0 1 2 0 2
0 0 0 0 3 2 2 3 0 0 1 0 1 2 1 0 0 1 3 1 1 0 2 1 1 0 0 1 2 0 2 0 1 2 0 1 0 2 1 0 0 1 2 15 2 0 2 0 1 0 0 1 2 4 0 0 1 1 0 3 3 0 0 0 0 0 0 0 1 0 0 0 0 1 1 6 1 0 0 0 0 1 1 1 0 0 0 1 0 1 0 0 2 0 0 1 1 0 0 0 0 0 0 1 0 0 1 0 1
0 2 0 0 0 1 0 0 0 1 1 0 0 1 0 0 0 0 2 0 1 1 1 0 0 0 3 3 1 0 1 0 0 0 0 2 1 0 0 2 0 2 1 1 23 1 1 1 0 1 0 2 0 3 1 0 0 3 1 2 0 1 1 0 2 0 0 0 0 1 0 1 0 0 0 1 1 0 3 0 1 3 0 0 0 0 0 0 0 0 0 1 0 0 0 0 1 0 0 0 1 0 1 0 0 1 0 0 0
0 0 1 1 3 3 1 2 0 0 1 0 1 7 3 0 0 0 6 0 2 0 3 2 3 0 6 2 0 1 0 0 2 1 3 6 0 1 4 1 1 1 0 1 1 21 1 2 0 4 0 0 6 2 4 0 0 2 0 1 0 1 1 1 3 0 2 0 0 3 3 1 2 2 0 5 5 0 2 0 2 4 2 0 0 1 1 2 0 3 0 1 4 0 3 0 1 1 0 2 4 3 0 1 0 1 3 0 0
0 1 2 1 1 0 1 2 0 0 0 0 0 1 1 0 0 0 4 0 0 0 0 0 1 0 1 0 1 0 0 0 1 1 2 2 0 2 1 0 1 0 0 3 1 0 20 0 0 0 1 5 1 5 0 2 1 2 2 4 3 2 0 0 2 0 0 1 0 0 0 1 0 1 0 1 2 0 0 0 0 0 2 0 0 0 0 0 0 0 0 0 1 1 1 0 1 0 0 0 1 0 0 0 0 0 0 0 0
2 0 0 0 1 2 0 0 0 0 1 0 0 0 0 0 0 1 1 0 0 0 0 0 0 0 0 0 0 1 1 0 0 0 0 0 0 0 0 1 2 0 1 0 1 1 0 18 0 0 0 0 1 0 0 0 1 0 0 0 0 1 1 0 2 0 1 1 0 0 0 0 1 0 1 0 1 0 2 2 0 0 0 0 1 0 0 0 1 0 0 0 2 0 0 0 2 0 2 0 0 0 0 0 0 0 0 0 1
0 0 1 1 1 1 1 0 0 0 0 0 0 0 0 0 0 0 2 1 0 0 1 0 0 0 2 2 0 1 0 0 0 1 1 2 4 0 0 2 0 1 1 1 0 0 0 0 26 1 1 0 0 1 1 3 0 1 0 1 2 0 1 0 0 0 0 0 0 0 0 0 0 0 0 0 1 0 0 0 0 1 1 0 0 0 0 1 1 0 1 0 0 0 0 0 0 0 0 0 1 0 0 1 0 0 1 0 0
0 0 0 2 0 1 0 0 0 2 1 0 1 3 0 0 0 0 2 0 0 3 2 0 1 0 2 3 1 0 1 0 0 0 0 1 0 1 1 1 0 1 1 0 1 1 0 0 0 11 0 1 2 0 2 0 0 0 0 0 0 0 2 0 0 0 1 0 0 2 0 1 3 0 1 1 1 0 1 3 2 2 2 0 1 0 1 2 1 0 0 3 2 0 0 2 1 2 0 1 2 2 0 4 0 2 0 0 2
0 0 0 0 2 1 0 0 0 0 0 0 0 2 5 0 0 0 2 0 0 0 0 0 1 0 2 0 0 1 0 0 0 2 1 5 1 0 0 0 0 1 0 0 0 0 0 0 1 1 17 1 0 0 2 0 0 0 0 0 0 0 0 1 0 0 0 2 0 3 2 4 0 0 0 1 4 0 0 0 0 2 0 0 0 1 0 0 0 0 0 1 0 0 2 0 1 0 0 2 0 0 0 0 0 4 1 0 0
0 0 3 0 0 1 0 2 0 0 0 1 1 2 1 0 0 0 7 1 0 0 1 0 0 0 2 1 4 0 1 0 0 1 0 1 0 2 1 2 1 2 1 2 3 1 6 0 2 2 0 21 2 2 2 3 4 3 1 0 2 0 0 1 1 0 0 0 0 0 0 1 0 0 0 0 1 1 2 0 1 4 1 0 0 0 0 0 1 1 0 2 2 0 1 0 1 1 0 1 2 0 1 1 0 1 0 0 0
2 0 0 4 1 4 0 2 1 0 2 0 1 2 1 0 0 4 9 1 1 2 9 1 2 0 4 0 1 1 6 0 2 5 0 3 0 4 3 2 5 0 3 6 0 5 4 3 0 3 0 1 29 4 1 3 0 6 2 2 3 5 2 3 6 0 2 2 0 2 3 0 3 1 1 4 4 2 3 1 5 3 3 0 5 0 1 5 1 4 0 3 4 0 1 1 7 3 2 0 2 5 2 1 0 3 3 0 5
0 1 1 1 1 4 1 0 0 0 0 0 1 2 0 0 0 0 4 0 2 0 2 0 0 0 1 0 0 0 0 0 0 1 1 1 0 2 2 1 1 1 0 2 1 0 4 0 0 0 1 1 0 9 0 1 0 4 0 3 3 3 0 0 2 0 0 0 2 0 1 1 0 0 0 2 2 1 0 0 0 0 2 1 0 0 1 1 0 2 0 2 1 1 0 0 1 1 0 1 0 0 1 0 0 0 2 0 0
0 0 0 2 0 0 0 0 0 0 3 0 1 3 0 0 0 0 2 1 0 2 0 1 0 0 4 2 1 0 0 0 0 0 0 0 0 1 0 2 2 2 2 0 0 2 0 0 1 3 1 0 1 1 26 1 0 2 0 0 1 0 1 0 0 0 0 0 0 1 0 0 1 0 0 0 1 0 1 1 0 1 0 0 1 0 0 2 0 0 0 2 2 0 0 0 1 1 0 1 2 2 0 2 0 0 0 0 2
0 0 1 1 0 2 0 0 0 0 0 0 1 1 0 0 0 1 3 0 2 0 2 0 1 1 4 1 3 1 0 0 0 0 3 0 2 0 0 3 1 5 3 1 1 1 4 1 3 2 2 3 1 1 3 32 2 0 1 3 1 2 0 0 1 0 1 0 0 4 0 4 0 0 0 1 2 0 3 1 1 5 1 0 1 0 0 1 2 1 0 2 2 0 1 2 3 0 0 1 2 1 0 0 0 2 1 1 0
0 0 1 1 1 1 0 0 0 0 0 1 1 1 1 0 0 0 2 1 1 0 0 0 0 0 1 1 1 1 2 0 0 0 0 2 0 1 0 0 1 0 1 1 1 1 2 2 0 1 0 2 2 0 1 1 24 0 1 0 0 1 0 2 3 0 1 1 0 1 0 0 0 0 0 1 1 0 3 2 4 3 2 0 2 0 2 2 1 2 0 2 2 0 0 0 1 1 1 2 1 3 0 0 0 2 1 0 0
0 0 2 2 1 2 0 1 0 0 1 0 0 1 1 0 0 0 5 1 1 1 1 1 1 0 4 0 0 0 1 0 0 1 0 1 1 2 0 0 3 0 0 2 3 2 1 0 0 1 1 3 3 4 2 0 0 14 3 3 1 2 0 1 1 0 0 0 0 1 0 0 0 0 0 0 3 0 0 1 0 0 3 0 1 0 1 1 0 0 0 0 1 0 1 0 2 0 0 0 0 0 1 1 0 0 1 0 0
0 0 0 1 1 0 0 0 0 0 0 1 0 1 3 0 0 0 3 2 1 0 1 0 1 0 0 0 0 0 1 0 0 0 0 1 0 2 0 1 1 0 0 0 0 0 1 0 0 0 0 1 1 0 0 1 0 2 15 3 1 0 0 0 1 0 0 0 0 1 0 0 0 0 0 0 1 0 0 0 0 0 1 0 0 0 0 2 0 1 0 0 0 1 0 0 0 0 0 0 0 1 1 1 1 1 0 0 0
0 1 0 2 1 3 1 0 0 0 0 3 2 4 0 0 0 0 3 0 1 0 1 0 0 0 0 0 0 0 1 0 0 1 2 2 2 1 3 0 1 2 0 2 3 2 3 0 0 0 0 2 2 3 0 1 0 3 2 13 3 3 0 3 3 0 0 0 1 0 0 0 0 0 0 2 2 0 0 0 0 1 0 1 0 0 0 2 1 2 0 1 1 0 0 0 0 0 1 0 1 1 2 1 1 0 1 0 1
0 1 1 0 1 1 0 2 0 0 0 0 1 1 0 0 0 0 3 0 0 0 0 1 0 0 0 0 1 0 0 0 1 1 0 0 1 1 2 0 2 0 0 4 0 0 2 0 0 0 0 1 1 4 0 0 0 0 0 2 11 1 0 0 0 0 0 0 0 0 0 0 0 0 1 3 1 0 0 0 0 1 1 0 0 0 0 0 0 0 0 0 1 0 0 0 1 0 0 0 0 0 1 0 0 0 0 0 0
0 2 0 0 0 3 0 0 0 0 0 0 2 2 0 0 0 2 3 0 2 0 3 0 1 0 3 0 0 0 0 0 0 0 1 0 0 0 4 1 0 3 3 0 3 0 2 1 2 2 0 1 0 3 2 2 0 0 0 3 0 13 0 2 1 0 0 1 1 2 0 1 0 0 0 0 2 0 0 0 0 2 0 0 0 0 1 1 0 0 0 1 1 0 0 0 1 0 1 2 2 0 1 0 0 0 0 0 0
0 0 1 1 0 2 1 0 0 0 1 0 0 0 0 0 0 0 0 1 0 2 2 0 1 0 0 1 0 0 0 0 0 0 0 0 0 0 0 1 2 1 0 0 0 1 0 1 1 2 0 0 2 0 0 0 0 0 0 1 0 0 26 2 2 0 1 1 0 1 0 0 2 0 1 0 0 0 0 2 1 0 3 1 0 0 0 2 0 1 1 3 1 0 0 0 2 1 1 0 1 0 0 3 0 0 0 0 0
1 0 0 3 0 5 2 0 1 0 0 0 0 2 1 0 0 0 0 1 1 1 4 0 2 0 1 0 0 3 0 0 0 3 0 1 0 1 0 0 2 1 0 1 0 1 0 0 0 1 2 0 1 1 0 0 0 1 0 2 0 2 2 17 5 0 0 5 0 0 0 0 1 1 0 0 1 1 3 0 0 0 1 0 2 0 2 3 0 1 0 2 1 2 0 0 4 2 2 2 1 2 1 2 1 4 0 0 1
0 1 3 0 2 6 1 3 1 0 0 0 1 1 2 0 0 0 1 0 2 0 4 1 1 0 2 1 0 0 2 0 1 2 0 2 0 2 2 2 0 2 0 1 2 2 3 1 0 1 0 2 5 4 0 0 1 1 0 2 1 2 2 3 17 0 2 1 1 1 0 0 3 1 0 1 4 2 3 1 1 1 1 1 0 0 1 4 3 2 0 3 2 1 1 0 5 3 1 0 1 3 2 1 0 1 1 0 0
0 0 0 0 0 0 0 0 0 0 0 0 0 0 0 1 0 0 0 0 1 0 0 1 0 0 0 0 0 0 0 0 0 0 0 1 0 2 0 0 0 0 1 0 0 0 0 0 0 0 0 0 2 0 0 0 1 1 1 0 0 0 0 0 0 14 0 0 0 0 0 0 0 0 1 0 0 1 0 0 0 0 0 0 0 0 1 0 1 1 2 1 0 0 0 0 0 2 0 0 0 0 0 0 0 0 0 0 1
0 0 0 0 0 1 0 0 0 0 0 0 1 0 0 0 0 0 0 0 0 0 0 1 1 0 0 2 0 1 0 0 0 0 0 1 0 0 0 0 0 1 0 1 0 1 0 2 0 2 1 0 0 1 0 0 0 0 0 0 0 0 1 1 1 0 16 0 0 1 1 2 0 0 1 2 0 1 1 1 0 0 0 1 0 0 0 0 0 1 1 2 2 1 0 0 2 1 0 1 0 1 0 1 0 1 1 0 1
1 0 0 0 1 3 0 0 0 0 0 0 1 2 1 0 0 0 1 1 0 0 1 0 1 0 0 0 0 0 0 0 2 2 0 0 0 0 0 0 0 0 0 1 0 0 1 0 0 0 0 1 0 0 0 0 1 0 1 0 1 0 1 4 1 0 0 17 0 1 2 0 2 4 1 1 0 0 0 1 0 0 1 0 3 0 0 3 3 0 0 1 0 1 0 0 0 2 2 2 1 1 1 2 0 1 0 0 0
0 0 0 2 0 2 0 0 0 3 0 0 0 1 0 0 0 1 0 0 0 0 3 1 0 0 1 0 0 0 0 0 1 0 1 0 0 0 2 0 0 1 0 1 0 0 0 0 0 0 0 0 2 2 0 0 0 0 0 1 0 2 0 0 1 0 0 0 19 0 0 0 1 0 3 3 1 2 0 0 1 0 0 1 0 0 0 3 0 1 0 1 1 3 0 1 0 1 0 1 1 1 1 0 0 0 1 0 1
0 0 0 2 0 1 1 0 0 0 3 0 0 2 1 0 0 0 3 1 1 1 4 0 2 0 3 1 0 0 0 0 2 0 0 3 0 1 2 2 0 1 1 0 1 1 0 0 0 3 0 0 0 2 1 2 0 0 2 1 0 2 0 0 0 0 1 1 1 25 2 1 1 0 0 2 0 0 2 1 3 2 4 0 0 0 0 6 0 2 0 3 0 1 1 2 5 1 2 1 0 3 1 1 0 1 0 0 2
2 0 0 0 0 2 0 1 0 0 0 0 0 2 2 0 0 0 1 0 0 0 2 0 1 0 1 0 0 0 0 0 1 2 1 1 0 1 1 1 0 0 0 1 0 0 2 0 0 1 0 0 0 0 0 0 0 0 0 0 0 0 0 1 1 1 1 3 0 3 22 0 1 1 2 1 3 3 3 1 1 1 2 1 0 0 0 4 1 2 0 2 1 1 1 1 3 2 3 2 3 2 2 3 0 1 1 0 0
0 0 0 0 0 0 0 0 0 0 0 1 0 1 3 0 0 0 2 0 0 0 0 0 1 0 1 1 0 0 0 0 0 2 1 1 2 0 1 0 0 0 0 1 1 0 1 0 0 1 0 1 0 3 1 1 0 1 0 0 0 1 0 0 0 0 1 2 0 3 0 29 1 1 0 1 1 1 2 1 1 4 0 0 0 0 1 0 0 0 0 1 3 0 1 0 2 0 0 1 1 0 0 0 0 5 0 0 0
0 0 2 2 2 4 2 2 1 0 0 0 3 1 2 0 0 0 1 0 1 1 4 1 2 0 0 0 0 0 1 0 1 5 0 0 0 0 2 0 0 1 1 0 0 0 1 1 0 4 0 1 3 1 0 0 0 0 0 1 0 2 2 1 3 0 1 3 1 3 2 0 16 3 0 1 2 0 3 2 2 0 3 2 3 1 1 8 2 3 0 3 1 3 2 2 3 5 5 2 2 4 0 5 0 2 1 0 2
0 0 0 1 0 0 1 2 0 0 0 0 1 1 0 0 0 0 0 1 0 0 1 0 1 0 0 0 0 1 1 0 3 3 0 0 0 0 1 1 0 1 0 1 0 0 1 0 0 0 0 0 1 0 0 0 0 0 0 0 0 0 0 1 1 0 0 1 1 1 0 0 2 11 3 1 1 1 0 0 1 1 1 2 1 0 0 2 2 3 1 0 0 1 1 0 0 2 0 0 3 0 1 6 3 1 1 0 0
0 0 0 0 1 0 1 2 0 0 1 0 4 3 0 0 0 0 3 0 0 0 2 1 2 0 3 1 2 2 1 0 2 5 0 1 0 0 2 1 0 3 3 4 3 0 2 1 0 6 0 0 3 1 3 0 0 0 0 0 2 0 1 1 0 0 0 2 0 3 1 3 3 7 21 4 4 0 3 1 0 4 0 3 0 0 0 4 0 2 1 3 0 1 0 0 1 1 0 3 5 3 0 5 1 3 0 0 2
1 0 0 1 0 3 0 0 0 0 1 1 0 7 0 0 0 1 3 0 0 0 5 0 0 0 3 1 0 0 1 0 2 2 1 4 0 1 3 1 0 1 3 6 3 2 1 0 0 2 1 0 1 2 2 0 1 0 0 1 4 0 0 0 0 0 1 0 4 2 2 2 0 1 1 16 2 0 3 0 3 6 1 1 0 0 0 1 2 4 0 3 2 2 2 4 1 1 0 2 3 2 2 1 1 2 3 0 0
0 0 0 1 3 2 1 2 0 0 1 0 1 4 1 0 0 0 4 0 1 1 3 0 2 0 4 1 1 2 1 0 0 1 0 2 0 1 3 0 2 1 0 1 2 1 2 1 0 3 0 0 3 2 2 1 1 2 0 2 3 3 0 0 1 0 1 0 0 2 2 2 2 1 0 2 11 0 3 0 1 3 2 0 1 1 1 2 1 0 0 0 1 0 2 2 1 0 1 2 2 2 1 2 0 2 2 0 0
0 0 0 1 0 0 0 0 0 0 0 0 0 0 0 0 0 0 0 0 0 0 2 0 0 0 0 0 0 0 0 0 1 0 0 0 0 1 0 0 0 0 0 0 0 0 0 0 0 0 0 1 2 1 0 0 0 0 0 0 0 0 0 1 1 0 0 1 0 0 3 0 0 1 0 0 0 16 0 0 0 0 0 0 0 0 0 2 2 1 0 2 1 0 0 0 1 2 0 1 1 2 0 0 0 0 0 0 1
0 0 0 2 0 0 0 1 0 0 0 0 0 1 1 0 0 0 1 0 0 0 1 0 1 0 1 0 0 1 1 0 1 3 0 3 0 0 1 0 0 1 0 0 2 0 1 0 0 1 0 0 2 0 1 1 1 0 0 1 0 0 0 1 1 0 0 1 0 2 1 1 1 1 0 0 3 0 20 1 2 2 0 0 1 0 0 4 0 1 0 1 1 1 2 0 2 2 3 2 4 1 0 4 0 3 0 0 0
1 0 0 2 0 1 0 0 0 0 1 0 0 0 0 0 0 0 0 0 0 1 1 0 0 0 0 0 0 0 1 0 0 0 0 0 0 0 0 1 1 0 0 0 0 0 0 1 0 3 0 0 1 0 0 0 0 0 0 0 0 0 1 0 0 0 1 0 0 1 0 0 1 0 0 0 0 0 0 6 2 1 1 1 3 0 0 1 2 0 0 1 0 1 0 0 1 1 1 0 2 0 0 2 0 0 0 0 1
0 0 0 3 0 1 2 2 0 0 1 0 1 2 0 0 0 0 2 0 0 0 5 0 0 0 1 1 0 0 3 0 1 4 1 1 0 0 1 1 1 3 0 0 0 2 0 0 0 5 0 1 3 0 0 1 3 0 0 0 1 0 1 0 1 0 1 0 0 2 3 0 2 2 0 3 0 0 2 2 19 4 4 3 0 1 0 5 3 4 0 1 1 0 0 1 3 1 1 0 2 1 0 5 0 2 2 0 1
1 0 2 0 1 2 0 1 0 0 0 1 0 3 5 0 0 1 2 2 0 0 3 1 3 0 1 0 0 0 1 0 1 1 0 1 0 1 2 0 1 2 1 2 1 2 0 0 0 2 0 1 0 1 1 1 0 0 0 1 2 0 0 0 1 0 0 0 0 3 1 2 2 2 0 3 3 0 1 1 3 21 3 2 1 0 0 1 3 3 2 3 1 1 1 1 3 2 0 1 2 5 1 4 1 6 2 0 1
0 0 2 2 0 2 3 4 0 1 2 0 1 0 3 0 0 0 3 0 0 2 2 0 0 0 0 0 1 0 1 0 0 2 0 1 0 2 0 0 4 1 0 1 0 2 1 0 0 1 0 1 1 2 0 0 2 1 0 0 1 0 1 1 2 0 1 1 0 2 1 0 2 1 0 1 1 1 1 1 3 1 17 1 0 1 1 4 2 1 0 1 2 0 0 1 3 1 2 1 1 2 2 4 0 0 1 0 1
1 0 0 0 0 1 1 0 0 0 1 1 0 1 0 0 0 0 1 0 0 0 1 1 0 0 0 0 0 0 1 0 1 0 0 0 0 0 1 0 0 1 0 1 0 0 0 0 0 1 0 0 0 1 0 0 0 0 0 1 0 1 0 0 0 0 0 0 1 0 0 0 1 2 1 1 1 0 1 0 0 1 0 9 1 0 1 2 1 1 1 1 0 1 0 1 0 1 0 0 3 1 0 1 0 0 0 1 0
0 0 0 2 1 3 1 2 0 0 2 0 1 2 2 0 0 0 1 0 0 1 2 0 0 0 1 1 0 0 1 0 3 3 0 0 0 2 0 0 0 1 0 0 1 0 0 1 0 2 0 0 2 0 1 0 2 0 0 0 2 0 0 3 1 1 0 4 0 2 0 0 4 3 0 1 0 1 2 3 0 2 1 1 26 1 1 4 4 1 0 1 0 2 0 0 3 5 6 0 4 7 0 1 1 0 2 0 3
0 0 0 0 1 0 0 1 0 0 0 0 1 4 1 0 0 0 4 0 0 0 0 0 1 0 4 1 1 0 0 0 0 2 2 4 0 0 1 0 0 1 3 0 3 0 0 0 0 4 0 0 1 1 4 1 1 0 0 0 1 0 0 0 0 1 0 1 0 5 2 4 1 1 0 2 2 1 3 1 1 4 1 1 1 24 0 0 0 1 0 4 1 0 4 0 0 0 1 4 3 3 1 1 0 3 1 0 0
0 0 0 1 1 4 2 2 0 0 0 0 2 0 0 0 0 0 1 1 1 1 3 0 0 0 1 2 1 0 0 0 0 2 0 3 1 2 0 1 1 2 0 2 0 0 1 0 0 0 0 0 3 3 0 0 2 1 0 2 1 2 0 1 3 0 0 0 0 0 1 0 1 0 2 0 3 2 1 0 1 0 3 0 1 0 18 4 0 0 0 1 2 0 0 0 1 3 1 1 0 1 1 1 0 0 2 0 1
2 0 1 2 0 4 2 1 1 0 0 0 3 1 1 0 0 0 0 0 0 2 6 0 2 0 1 1 0 0 1 0 2 5 1 2 1 2 3 0 0 2 1 2 0 1 1 0 0 2 0 1 6 2 0 1 1 0 2 2 2 1 1 4 3 1 1 4 1 2 5 0 7 3 3 3 3 3 4 2 4 2 3 3 3 0 2 23 2 3 1 5 2 2 0 1 5 7 5 1 4 5 2 2 0 2 1 0 4
3 0 2 1 1 3 1 1 0 0 1 0 1 3 2 1 0 0 2 0 1 0 4 0 0 0 0 0 0 0 1 0 1 2 0 0 0 0 2 0 0 1 0 0 0 1 0 1 0 1 0 0 1 0 0 0 1 0 0 1 0 0 0 0 2 2 0 3 0 0 1 0 1 2 0 2 1 1 0 2 1 3 3 3 2 0 0 2 15 2 4 3 2 1 0 1 0 2 0 0 6 4 1 4 1 0 2 2 0
1 0 1 1 1 2 4 4 0 0 2 1 2 5 2 0 0 0 3 1 0 0 4 2 3 0 3 1 1 0 3 0 3 3 0 1 0 0 4 3 1 3 3 2 2 3 2 0 0 3 0 1 4 1 2 0 1 2 0 2 1 0 1 1 3 1 0 2 2 3 1 2 5 7 4 5 4 1 3 0 3 5 1 3 2 0 0 4 4 21 0 5 1 1 2 3 2 4 1 2 6 4 0 6 4 3 3 0 3
3 0 0 0 0 2 2 0 0 0 0 2 0 1 0 0 0 0 0 0 1 0 3 0 0 0 0 0 0 0 1 0 2 0 0 0 0 0 3 0 0 2 0 0 0 0 0 0 0 1 1 0 0 0 0 0 0 0 0 2 0 1 0 0 1 1 1 2 0 0 0 0 0 4 1 3 1 0 0 1 0 4 0 3 0 0 0 1 4 3 11 2 1 2 0 1 0 2 0 0 3 2 0 3 1 0 0 2 0
1 0 1 0 0 4 1 0 0 0 0 1 0 1 0 0 0 3 2 0 0 0 6 0 1 0 1 1 1 0 0 0 1 0 0 1 0 0 3 2 0 2 2 1 1 1 0 0 0 3 0 1 3 2 1 0 1 0 0 1 1 0 2 0 3 0 3 1 1 2 1 1 2 0 0 2 1 4 1 2 1 4 1 1 1 2 1 5 3 4 0 19 3 1 1 0 1 5 0 1 3 4 1 1 0 1 0 0 4
0 0 1 0 1 2 1 1 0 1 0 2 2 4 0 0 0 0 5 0 2 0 3 0 1 0 3 1 1 0 1 0 0 0 0 3 0 0 0 0 2 0 3 1 2 2 1 1 0 3 0 1 3 2 2 1 0 1 0 1 1 1 0 1 4 0 1 1 0 4 2 3 0 0 0 1 2 2 3 0 1 3 2 0 1 1 1 2 2 1 0 3 17 1 4 1 1 2 1 2 2 4 0 4 0 3 2 0 0
0 0 0 0 1 1 0 0 0 0 0 1 1 3 1 0 0 1 4 0 0 0 1 1 0 0 4 2 2 0 1 0 1 0 0 1 0 0 1 2 0 3 4 0 4 0 1 0 0 4 1 0 2 1 4 0 1 0 1 0 0 1 0 1 1 0 1 1 0 1 0 1 2 1 3 1 2 0 3 2 0 6 0 1 3 0 0 0 5 2 1 4 0 18 2 1 0 1 1 1 5 3 1 2 0 1 2 0 0
0 0 0 0 1 0 0 1 0 0 0 0 0 2 1 0 0 1 1 0 0 0 1 1 1 0 2 0 0 0 0 0 1 0 0 2 0 0 1 0 0 0 2 2 1 0 1 1 0 1 2 2 0 1 1 0 1 1 0 0 1 1 0 1 0 1 0 2 0 3 1 1 1 1 0 1 2 0 1 0 1 1 0 0 0 0 0 0 0 0 0 2 1 2 23 1 0 0 0 2 1 0 1 0 0 3 2 0 1
0 1 0 1 0 1 0 1 0 0 0 1 0 2 0 0 0 0 0 0 0 0 3 2 1 0 0 0 0 0 0 0 1 0 0 2 0 2 0 2 1 0 1 1 0 0 1 0 0 2 1 0 0 1 0 1 0 0 0 0 1 0 0 0 0 0 0 0 1 1 2 0 3 0 0 3 3 0 0 0 2 1 1 0 1 1 0 1 0 2 0 0 0 0 1 11 1 2 1 0 0 1 1 3 0 3 2 0 0
1 0 2 2 0 2 0 1 1 1 0 0 0 2 1 0 0 0 0 0 1 2 6 0 2 0 4 0 0 1 1 0 0 3 0 0 0 1 0 1 1 1 2 1 1 0 0 2 0 3 0 0 3 1 0 1 0 0 0 0 1 1 2 2 3 0 3 1 0 2 2 0 4 2 0 1 1 1 2 2 2 2 2 0 2 0 1 6 1 2 0 2 4 0 0 2 17 2 4 2 1 0 0 3 2 3 2 0 1
1 0 1 1 0 3 1 0 0 0 0 0 0 1 2 0 0 1 0 0 0 0 6 0 0 0 0 0 0 0 0 0 0 1 0 0 0 2 2 0 0 1 0 0 0 0 0 0 0 2 0 0 3 1 0 0 0 0 0 0 0 1 1 1 2 0 2 2 2 1 1 0 7 2 0 3 0 3 2 1 2 2 1 1 3 0 1 4 1 5 0 3 2 1 0 3 3 18 4 0 3 5 0 2 1 0 0 0 2
1 0 0 1 2 3 3 0 0 0 0 0 2 3 3 0 0 0 2 0 0 0 3 1 0 0 2 1 0 0 0 0 2 1 0 2 0 0 0 0 0 3 1 0 2 0 1 2 0 2 0 0 0 0 2 0 1 0 0 0 1 0 0 2 2 0 1 4 1 2 4 2 3 0 0 0 2 0 5 1 1 2 2 0 5 0 0 4 0 2 0 2 1 1 2 0 4 3 18 2 5 5 0 0 1 2 1 0 0
0 0 0 0 0 0 0 1 0 0 0 0 0 1 1 0 0 0 0 0 0 1 0 0 0 0 0 0 0 0 0 0 0 0 0 2 0 0 0 0 1 0 0 0 0 0 0 0 0 1 0 0 0 1 1 0 0 0 0 0 0 1 0 1 1 0 0 1 1 1 1 1 0 0 0 0 1 1 1 0 0 1 0 0 0 0 1 0 0 0 0 0 0 0 0 0 0 0 0 9 0 0 0 0 1 3 0 0 0
1 0 0 0 0 2 2 0 0 0 1 1 1 1 0 0 0 1 1 0 0 0 3 1 1 0 1 0 0 0 1 0 3 2 0 1 0 2 4 0 1 2 1 0 1 1 1 1 0 2 0 0 0 0 1 0 1 0 0 1 0 0 0 0 0 0 0 2 0 1 1 1 2 4 1 3 0 1 3 2 1 3 1 3 2 0 0 4 4 3 1 3 1 2 1 1 0 3 1 1 18 3 0 4 1 1 0 1 0
0 0 0 1 0 2 3 5 0 0 1 1 2 5 3 0 0 0 2 0 1 0 7 0 2 0 2 1 1 1 1 0 1 5 0 2 0 1 3 2 1 1 1 1 1 2 2 1 0 2 0 0 4 1 1 0 1 0 0 0 0 1 0 1 4 0 1 2 2 6 3 1 8 5 0 2 3 2 4 0 2 4 1 2 7 0 1 9 8 4 0 5 3 1 2 3 2 6 4 3 4 21 2 2 3 2 4 0 2
0 1 0 1 0 1 1 3 0 0 0 0 0 1 2 0 0 0 2 0 0 1 3 0 0 0 0 0 0 1 0 0 1 0 0 2 0 0 1 1 0 0 0 0 2 0 4 0 0 0 0 0 1 2 0 0 0 0 1 1 1 1 0 1 1 0 0 1 1 0 3 0 0 2 0 1 3 1 0 0 1 0 2 0 0 1 0 2 0 0 0 1 0 3 0 2 3 0 1 2 0 1 21 0 1 3 2 0 1
0 0 1 2 0 3 1 0 0 0 0 0 1 1 1 0 0 0 1 0 0 1 3 0 1 0 2 2 0 0 1 0 0 1 0 0 0 0 0 0 1 2 1 1 0 0 0 1 0 5 0 2 1 0 0 0 0 0 0 0 0 0 3 1 1 0 0 2 0 1 1 0 3 4 2 0 1 0 2 2 3 2 4 1 0 0 1 1 2 2 1 0 2 1 1 2 2 2 1 1 5 3 0 13 0 1 0 0 0
1 0 0 2 0 0 0 1 0 0 0 0 0 2 1 0 0 0 0 1 0 0 1 0 0 0 1 0 0 0 0 0 1 1 0 0 0 1 0 0 0 0 0 0 0 0 0 0 0 0 0 0 0 0 0 0 0 0 1 1 0 0 0 1 0 0 0 0 0 2 0 0 1 3 1 0 0 0 0 0 0 1 0 0 1 0 0 1 0 2 1 0 0 0 0 0 2 2 1 2 2 1 1 2 14 1 0 0 0
1 1 2 5 3 5 0 0 0 0 1 0 0 2 3 0 0 0 2 0 0 2 3 0 0 0 4 0 0 1 1 0 0 2 0 3 0 2 1 1 2 1 0 0 2 0 0 0 1 4 2 0 0 1 1 0 2 0 0 0 0 0 2 3 3 0 0 1 0 2 2 1 3 1 0 1 2 1 1 3 3 3 2 0 0 0 0 4 3 2 0 1 0 0 1 2 4 2 0 4 2 2 1 5 1 21 1 0 0
1 0 0 1 4 1 2 2 1 0 1 0 2 2 3 0 0 3 2 0 1 0 3 1 1 0 3 1 1 0 1 0 1 3 3 2 1 1 0 0 0 3 0 3 1 0 4 0 0 2 1 0 1 5 2 1 0 2 0 1 4 0 0 0 1 0 3 1 1 1 2 1 0 1 0 7 4 0 0 0 2 4 2 1 1 1 0 2 4 4 0 1 2 3 1 2 1 1 0 1 3 2 1 2 1 3 28 0 1
0 0 0 0 0 0 0 0 0 0 0 0 0 0 0 0 0 0 0 0 0 0 0 0 0 0 0 0 0 0 0 0 2 0 0 0 0 0 0 0 0 0 0 0 0 0 0 0 0 0 0 0 0 0 0 0 0 0 0 0 0 0 0 0 0 0 0 0 0 0 0 0 0 0 0 0 0 0 0 0 0 1 0 1 0 0 0 1 1 0 2 0 0 0 0 0 0 0 0 0 1 1 0 1 1 0 0 6 0
1 0 0 0 0 1 0 0 0 0 0 0 0 0 0 0 0 1 1 1 1 0 3 0 0 0 1 1 0 2 0 0 0 0 0 1 1 1 1 0 1 1 1 1 0 0 0 1 0 2 0 0 3 0 0 0 1 0 0 0 0 0 0 2 1 0 1 1 0 3 0 0 2 1 1 0 0 1 2 1 0 0 0 0 3 0 1 3 0 3 0 2 0 0 0 0 3 2 0 0 1 2 0 1 0 1 0 0 13
